20
163 -1 -1 175 -1 137 -1 103 130 -1 -1 -1 -1 126 -1 -1 124 161 -1 
-1 -1 153 -1 -1 -1 -1 -1 191 -1 -1 -1 -1 175 -1 195 -1 188 
169 -1 -1 190 -1 -1 -1 196 -1 123 -1 -1 149 -1 -1 -1 151 
-1 -1 -1 -1 -1 -1 -1 -1 92 -1 128 -1 -1 -1 -1 100 
-1 199 -1 -1 -1 166 -1 -1 -1 -1 -1 -1 -1 -1 -1 
-1 198 -1 -1 -1 -1 -1 -1 124 -1 160 164 -1 -1 
-1 -1 -1 173 -1 140 -1 181 -1 -1 -1 -1 -1 
-1 -1 -1 -1 -1 -1 195 -1 -1 75 -1 173 
152 -1 133 -1 -1 -1 -1 -1 186 -1 -1 
-1 198 -1 82 -1 -1 153 -1 158 -1 
-1 -1 -1 -1 93 -1 -1 -1 -1 
-1 -1 -1 -1 189 124 -1 -1 
-1 156 -1 -1 -1 -1 -1 
117 -1 163 -1 84 -1 
-1 195 -1 188 196 
-1 -1 -1 185 
187 -1 -1 
-1 114 
-1
