25
-1 -1 -1 -1 -1 -1 178 -1 -1 -1 -1 146 -1 -1 -1 124 -1 -1 -1 -1 -1 -1 92 168 
-1 -1 108 198 -1 -1 -1 -1 -1 -1 -1 144 -1 -1 -1 -1 -1 -1 -1 -1 154 -1 -1 
185 -1 -1 197 -1 163 -1 -1 180 -1 -1 -1 -1 -1 -1 -1 -1 -1 -1 -1 -1 -1 
-1 -1 190 -1 -1 -1 -1 191 -1 -1 148 -1 -1 -1 -1 -1 -1 -1 180 -1 -1 
187 185 -1 -1 -1 -1 -1 -1 178 -1 -1 -1 -1 -1 -1 -1 -1 -1 -1 -1 
188 196 -1 -1 166 -1 -1 -1 -1 -1 142 -1 133 -1 -1 -1 185 -1 125 
127 99 -1 -1 -1 -1 179 168 174 -1 -1 -1 -1 -1 -1 -1 -1 -1 
-1 -1 -1 -1 -1 -1 -1 162 -1 130 -1 -1 169 -1 -1 198 196 
-1 -1 172 -1 -1 -1 168 -1 -1 -1 -1 -1 -1 116 -1 -1 
176 -1 161 -1 -1 195 -1 -1 -1 155 162 147 -1 -1 -1 
-1 -1 -1 -1 151 -1 -1 180 127 -1 -1 182 -1 -1 
-1 -1 -1 -1 -1 -1 -1 -1 -1 -1 177 -1 -1 
-1 -1 -1 191 -1 187 167 142 -1 -1 164 -1 
183 -1 -1 -1 -1 -1 -1 -1 109 -1 -1 
-1 -1 -1 -1 -1 -1 -1 192 -1 -1 
-1 195 -1 -1 -1 189 174 -1 -1 
-1 193 -1 -1 -1 -1 -1 165 
-1 -1 138 188 -1 -1 -1 
123 -1 -1 -1 -1 -1 
-1 -1 -1 -1 -1 
153 -1 155 -1 
-1 -1 -1 
-1 -1 
-1
