30
-1 -1 -1 -1 120 178 -1 -1 -1 145 -1 -1 188 -1 -1 -1 -1 -1 -1 -1 -1 -1 198 -1 -1 -1 -1 -1 -1 
-1 -1 -1 -1 -1 -1 166 -1 -1 -1 -1 -1 -1 -1 174 159 -1 -1 -1 -1 -1 -1 -1 -1 -1 -1 -1 184 
-1 123 -1 -1 185 -1 -1 -1 -1 -1 -1 -1 -1 -1 -1 -1 115 -1 -1 -1 -1 -1 186 -1 -1 -1 -1 
-1 -1 -1 -1 -1 -1 -1 183 -1 -1 -1 181 -1 187 -1 -1 -1 -1 112 127 -1 -1 -1 -1 -1 -1 
-1 -1 -1 -1 -1 -1 -1 157 -1 161 -1 -1 97 -1 173 -1 135 -1 -1 195 91 -1 -1 -1 196 
-1 -1 -1 -1 118 -1 -1 161 -1 -1 -1 -1 -1 -1 -1 -1 -1 -1 -1 -1 -1 -1 -1 174 
-1 -1 -1 143 -1 -1 -1 -1 -1 -1 -1 -1 -1 -1 -1 -1 184 -1 -1 -1 187 -1 -1 
-1 -1 -1 -1 -1 -1 -1 -1 -1 -1 175 194 114 -1 -1 154 -1 156 -1 -1 133 -1 
-1 -1 194 -1 -1 -1 -1 165 157 -1 -1 -1 -1 -1 -1 -1 -1 118 -1 -1 -1 
-1 164 -1 -1 -1 153 124 -1 -1 -1 -1 -1 -1 140 -1 -1 -1 -1 -1 -1 
-1 -1 -1 -1 -1 141 -1 -1 -1 -1 -1 -1 181 -1 -1 -1 193 -1 168 
-1 -1 -1 193 175 -1 -1 -1 -1 -1 160 -1 -1 -1 152 -1 -1 -1 
-1 -1 -1 -1 -1 -1 -1 -1 133 -1 115 141 -1 -1 -1 -1 -1 
-1 -1 -1 -1 -1 -1 -1 -1 -1 141 -1 -1 -1 -1 -1 196 
-1 -1 -1 -1 -1 153 157 -1 -1 -1 158 -1 -1 184 -1 
-1 -1 -1 -1 -1 -1 -1 197 -1 -1 -1 -1 -1 -1 
-1 -1 -1 -1 -1 -1 159 -1 -1 -1 -1 -1 184 
-1 162 -1 -1 163 155 -1 -1 170 -1 -1 167 
-1 -1 154 -1 127 -1 -1 -1 -1 145 -1 
-1 -1 -1 113 -1 -1 -1 -1 -1 -1 
-1 -1 -1 -1 129 -1 -1 148 -1 
-1 150 -1 -1 -1 -1 115 -1 
-1 -1 -1 175 -1 -1 -1 
186 -1 -1 128 -1 190 
-1 -1 -1 -1 156 
-1 -1 -1 -1 
-1 -1 -1 
-1 -1 
-1 
