100
158 11 176 12 54 96 54 136 91 155 61 168 185 176 72 137 22 7 36 188 160 150 68 24 160 21 68 118 73 46 194 46 95 68 188 53 136 90 170 194 34 150 93 9 43 154 188 48 84 145 65 71 183 90 161 25 73 30 61 137 50 80 128 64 49 169 8 148 18 194 41 187 115 175 80 128 166 118 31 183 15 190 175 106 26 107 192 161 16 116 34 76 119 89 4 88 12 150 0 
50 125 34 176 0 3 4 19 135 191 40 185 71 75 137 61 188 73 155 123 152 66 164 72 109 105 163 3 25 97 41 123 188 117 29 177 29 9 51 162 92 25 113 113 119 76 108 0 24 163 137 18 155 17 70 39 64 91 138 197 156 177 168 88 110 61 22 137 10 10 141 7 183 184 76 14 69 20 124 95 8 184 50 176 71 130 92 187 39 54 190 107 119 39 105 30 2 167 
177 169 139 35 82 80 190 124 127 146 76 75 121 162 168 127 152 20 79 110 108 188 69 2 76 151 88 29 163 153 77 71 4 107 130 48 183 48 119 43 32 51 5 140 78 194 196 15 31 54 8 129 97 106 110 168 93 127 18 45 57 23 11 37 54 106 83 143 44 81 25 176 9 86 33 153 0 134 150 61 81 113 53 108 134 136 90 109 135 12 41 165 68 88 17 95 5 
185 32 117 1 72 175 139 67 132 91 9 30 199 39 11 76 183 55 23 31 89 128 32 141 63 37 124 184 76 128 133 143 58 39 63 114 102 117 107 114 98 92 106 67 74 148 51 63 101 101 71 26 15 9 120 186 47 26 92 54 118 141 4 32 137 180 46 100 47 18 11 151 23 165 169 187 29 194 165 141 169 37 53 179 131 67 31 138 138 186 135 120 196 109 63 23 
66 125 75 56 145 91 55 45 119 54 44 65 26 19 149 86 55 33 107 55 101 104 195 147 45 144 25 27 26 82 29 177 186 4 173 109 189 191 39 184 85 8 72 86 19 119 133 44 91 181 176 198 126 84 128 171 172 187 170 55 170 91 157 145 40 140 13 8 139 123 133 59 73 54 78 180 132 74 153 3 139 106 142 20 102 168 126 111 127 83 157 187 138 160 94 
2 96 78 175 35 21 97 109 31 53 18 38 9 186 87 171 33 56 44 189 99 101 54 155 133 39 189 84 128 122 130 95 113 123 40 156 145 139 23 23 69 114 152 21 42 163 93 87 9 73 197 36 143 134 181 11 86 112 183 88 131 169 85 2 130 30 21 113 124 58 89 126 192 186 170 8 109 60 23 178 54 74 0 128 23 87 16 177 76 11 139 121 9 155 
154 154 152 47 26 37 65 148 161 0 44 32 38 150 23 150 19 195 158 85 54 166 74 141 162 0 105 10 5 113 93 95 195 173 163 64 69 114 40 74 101 189 53 87 124 39 123 61 113 169 150 19 193 149 5 98 188 53 37 196 71 170 31 116 196 131 54 149 69 95 40 21 82 154 195 173 26 4 27 172 124 169 180 41 66 49 15 164 33 52 159 27 127 
46 196 177 124 16 189 164 111 179 187 138 26 4 26 73 109 170 113 8 183 196 0 162 184 43 105 148 107 162 53 106 128 35 126 25 91 78 17 11 23 166 132 162 179 73 75 13 29 170 52 172 127 68 127 92 193 74 138 5 4 140 69 93 38 44 112 161 134 37 36 136 111 83 79 123 60 174 121 109 131 41 154 91 75 20 79 172 111 48 35 118 148 
183 111 8 33 189 52 190 124 187 5 143 127 157 164 120 167 192 62 155 176 130 118 150 66 111 138 112 110 40 148 143 8 15 99 66 7 106 44 169 186 179 103 5 167 55 127 124 166 197 74 60 192 51 182 181 65 137 75 111 106 99 157 165 159 158 164 8 90 157 199 7 110 68 21 100 65 199 83 182 189 76 186 26 126 195 21 109 30 139 34 121 
192 177 125 16 172 95 129 160 131 68 108 116 55 4 39 198 59 145 25 134 121 6 104 26 18 6 77 69 110 130 68 184 13 173 150 162 105 26 87 44 125 120 169 66 60 41 32 150 183 116 162 92 78 62 151 175 190 5 159 47 2 36 111 110 142 90 142 45 125 133 166 198 3 22 170 104 187 32 27 23 103 98 117 137 63 152 138 129 94 149 
158 83 117 58 199 95 139 80 31 35 34 191 50 198 136 99 114 125 71 140 73 81 49 108 193 81 11 104 20 111 164 165 2 86 55 136 198 81 44 128 67 52 97 158 28 69 152 17 163 112 130 186 141 17 16 110 3 168 1 103 146 180 169 186 122 35 198 39 129 115 147 36 92 67 118 43 129 142 60 159 104 20 179 83 68 148 134 128 107 
22 42 92 40 112 161 22 154 36 6 12 96 103 111 124 10 86 184 162 75 195 13 154 112 124 145 180 133 173 74 136 128 83 131 31 68 123 190 130 28 83 156 193 193 128 17 109 44 98 123 142 194 169 83 65 129 21 34 140 106 90 59 49 138 28 41 137 140 22 70 161 10 101 25 140 90 94 51 175 40 152 50 73 27 180 159 195 157 
56 135 161 142 7 147 158 18 48 118 3 159 126 15 39 76 161 110 155 179 104 34 13 146 140 114 167 47 17 88 159 188 188 145 164 159 3 197 29 158 175 118 43 41 25 97 179 192 151 160 144 125 126 116 82 77 61 94 55 110 172 99 196 139 15 57 136 175 66 49 65 128 103 196 172 143 151 130 179 196 37 168 69 126 61 96 16 
53 139 125 166 124 8 15 19 20 102 148 190 109 95 54 3 29 19 166 133 31 29 152 29 105 131 151 69 165 139 153 43 62 183 164 189 157 178 111 113 159 38 77 170 196 48 66 167 153 14 29 66 96 175 165 123 118 138 48 179 57 93 92 11 185 2 4 140 17 183 109 106 197 8 75 53 97 27 24 69 68 144 89 63 71 65 
89 47 165 152 51 80 192 109 144 105 152 28 161 91 48 129 117 82 147 27 159 62 189 94 88 146 132 132 112 27 36 128 9 163 20 108 116 172 99 119 71 147 182 64 126 26 84 12 96 35 109 156 138 54 127 23 43 53 104 12 55 171 128 85 191 141 34 76 160 76 1 188 143 9 176 187 128 90 92 137 74 99 35 124 47 
174 170 72 153 191 90 112 69 52 128 24 141 26 63 134 85 195 135 159 95 70 113 195 42 128 141 131 87 183 160 187 158 145 132 31 145 27 166 87 108 146 160 5 59 160 40 156 196 85 83 198 119 149 42 47 110 9 167 191 130 137 20 27 74 67 26 42 186 199 2 31 73 74 4 193 142 83 66 191 31 155 155 190 80 
9 155 64 51 35 109 55 156 143 166 83 76 0 20 175 97 169 171 26 52 39 88 76 172 51 144 31 133 47 40 80 197 89 189 157 28 5 173 15 190 87 188 108 116 85 133 153 162 95 188 24 14 169 86 168 155 169 37 15 179 24 109 79 51 34 150 109 163 146 94 3 113 182 157 42 102 87 88 139 108 41 29 13 
199 51 187 136 192 40 128 69 151 57 87 55 159 119 40 190 38 65 113 153 81 9 120 120 118 83 79 89 79 35 190 144 48 151 21 84 2 124 86 8 108 162 77 83 107 44 58 51 95 196 144 124 184 107 70 73 176 131 170 60 12 54 46 152 16 188 12 20 80 1 91 199 52 144 156 157 149 175 99 171 94 179 
181 9 187 64 125 187 76 150 12 1 146 92 104 49 129 10 144 55 67 167 22 149 59 171 173 165 33 134 47 167 55 81 64 179 170 144 37 78 179 121 59 188 93 65 195 51 167 163 67 79 30 57 118 142 44 62 110 22 107 172 120 83 167 118 142 153 4 19 26 119 144 141 154 144 84 63 12 148 37 60 124 
180 149 189 4 43 158 101 120 25 128 158 117 146 85 96 106 54 52 79 52 94 33 53 69 165 49 105 24 172 14 38 197 54 34 76 131 85 50 80 112 85 182 28 50 136 146 90 183 58 44 41 197 79 193 62 112 98 136 163 81 119 60 161 185 2 68 139 96 187 60 144 179 122 126 9 127 35 88 192 194 
144 146 152 50 142 84 32 145 101 62 123 52 120 162 92 153 17 22 105 152 119 21 36 114 71 34 9 66 159 113 85 107 38 148 89 54 119 3 170 83 83 18 91 157 13 118 97 184 9 42 16 88 90 140 20 126 144 78 65 63 98 142 118 194 107 94 165 113 101 72 13 175 116 172 178 24 82 101 55 
29 3 106 44 25 138 44 4 70 67 43 163 1 8 193 48 129 85 104 167 99 2 147 79 109 5 94 65 84 73 159 46 119 21 17 25 151 166 129 175 65 40 24 116 133 29 92 157 129 63 193 66 70 115 91 32 44 169 54 24 168 107 49 180 92 117 179 8 169 50 4 172 135 175 110 120 123 165 
166 152 167 174 21 47 34 22 109 71 158 62 80 5 171 12 2 108 90 13 122 133 24 83 143 186 63 153 20 129 101 72 190 103 156 109 81 121 4 167 92 85 56 61 79 91 156 131 188 181 177 119 148 21 101 171 0 68 193 26 138 43 19 30 184 110 124 146 127 26 0 158 147 128 118 188 104 
13 124 165 1 180 86 129 41 199 23 180 100 184 33 102 21 12 52 86 13 125 140 174 153 52 171 150 94 148 33 170 62 165 14 58 190 170 118 22 16 143 149 142 135 150 114 74 7 18 61 184 108 59 42 53 133 118 52 92 81 15 160 123 23 46 85 39 90 184 5 84 196 165 89 12 97 
118 155 157 156 147 30 59 126 121 176 57 192 190 41 68 194 73 62 189 196 77 142 152 12 198 37 147 12 93 12 124 199 60 61 133 174 136 142 150 173 152 81 122 100 19 112 71 189 22 171 36 52 2 99 120 73 94 167 61 130 52 21 67 74 86 181 125 29 108 165 102 120 139 14 74 
71 188 60 195 36 94 135 47 129 39 87 44 56 156 65 37 110 15 15 116 149 76 90 192 141 64 169 156 72 189 164 28 6 97 24 107 196 98 102 189 120 120 182 46 170 142 121 29 146 179 98 191 53 110 27 98 86 77 117 132 131 152 76 39 153 44 27 71 52 19 44 57 183 57 
31 158 70 0 106 31 186 102 96 190 90 87 74 118 58 188 68 132 145 23 89 77 168 79 48 81 40 167 34 56 141 105 178 156 119 191 36 31 189 46 93 149 174 55 97 152 158 93 50 179 35 134 113 152 73 3 26 186 43 182 105 91 3 46 117 149 156 190 22 86 20 116 32 
195 152 47 21 179 104 66 186 155 172 194 198 62 116 111 8 21 135 120 76 197 198 149 159 22 173 159 181 85 118 17 173 67 62 175 60 171 131 129 92 150 31 106 120 137 77 78 188 58 82 28 117 140 161 16 159 71 93 191 128 118 153 78 49 31 187 128 46 164 198 189 39 
83 126 139 119 148 150 47 184 16 39 74 77 13 27 128 175 158 162 15 45 55 159 47 0 166 99 191 125 57 15 109 116 20 60 75 176 94 174 11 197 54 88 175 111 95 186 26 79 179 63 167 37 153 34 123 41 34 144 0 147 73 169 82 192 70 33 52 122 117 179 141 
177 33 21 152 134 119 23 127 178 106 172 179 144 71 79 135 31 94 22 70 27 38 108 192 75 101 100 145 12 98 146 140 34 195 196 156 22 53 136 42 154 16 115 125 195 172 104 99 33 3 5 192 158 83 139 180 85 164 138 36 196 176 14 194 198 123 63 175 190 73 
16 113 122 70 170 179 6 166 140 96 120 114 192 136 13 181 68 119 88 149 59 159 187 59 74 12 47 78 132 169 160 59 62 96 186 47 33 116 51 183 174 146 191 183 196 115 152 151 97 185 71 142 76 179 75 161 134 63 90 1 51 182 89 69 87 129 160 96 76 
137 112 167 100 91 3 149 176 63 107 115 114 163 33 107 6 124 47 71 4 59 6 69 30 85 139 33 87 155 152 124 86 129 198 190 137 191 161 114 43 110 112 20 5 164 41 133 135 5 136 52 124 0 79 2 72 182 165 29 169 24 180 86 185 147 174 96 5 
126 170 74 112 149 86 68 126 154 138 90 62 126 91 36 136 150 175 110 199 181 58 2 49 15 55 160 38 194 104 134 107 32 79 147 168 126 179 57 8 31 128 43 40 42 85 31 24 151 93 172 189 12 151 178 43 45 35 139 23 47 86 36 13 72 89 25 
5 41 67 133 20 53 192 131 20 2 32 108 19 16 110 26 133 74 194 69 32 46 50 26 165 165 174 75 48 69 86 132 178 121 85 24 11 43 146 189 172 68 143 124 185 34 99 125 82 78 169 144 143 22 72 83 169 86 122 185 175 138 118 147 49 38 
139 179 142 82 103 22 170 93 128 17 1 175 91 126 66 88 187 25 9 36 104 29 158 57 159 16 38 8 42 43 70 20 77 54 168 171 2 195 22 48 2 136 105 67 79 156 118 15 52 105 17 150 122 127 42 57 150 114 134 90 131 54 112 187 41 
128 160 132 121 109 34 6 12 74 2 168 62 87 181 23 180 78 92 72 114 137 184 114 172 95 143 187 115 149 124 192 5 101 13 23 7 190 28 151 48 185 171 28 93 110 50 63 168 178 158 129 0 104 104 39 196 151 196 148 102 93 149 77 139 
194 27 181 9 72 195 177 68 162 90 1 127 6 68 131 47 168 65 96 192 164 130 178 63 142 95 32 133 108 21 174 112 37 5 168 152 131 38 58 128 64 174 138 65 124 52 96 62 126 151 2 55 92 55 80 101 32 126 158 65 128 155 84 
44 43 188 122 169 80 120 76 26 110 85 107 3 173 184 3 125 44 113 54 120 58 34 128 190 136 118 180 138 113 33 6 74 171 46 82 193 101 177 40 17 84 104 188 93 147 84 166 117 110 64 180 53 99 168 180 179 79 2 131 88 47 
79 2 148 189 78 138 188 165 41 26 154 165 87 62 185 67 100 121 29 76 30 34 101 118 122 170 15 73 58 70 116 121 72 93 0 180 12 191 185 197 68 44 1 63 119 88 116 191 157 108 48 180 186 33 87 6 43 86 13 177 78 
150 84 125 118 126 56 3 167 0 128 62 116 176 33 195 168 178 61 142 194 142 179 167 88 90 53 144 61 124 24 123 116 177 96 37 42 155 45 181 162 80 183 66 64 102 113 178 152 148 13 92 122 75 163 124 68 58 121 137 7 
31 142 147 48 118 128 104 94 170 178 124 8 153 78 22 181 165 65 188 140 159 144 88 139 117 192 37 115 158 23 151 187 13 184 186 164 126 93 23 15 57 111 47 10 100 125 103 58 172 171 43 126 62 174 123 170 1 195 18 
104 194 124 133 68 42 93 69 105 125 31 5 65 51 16 133 138 184 12 47 156 86 11 134 72 173 12 1 159 177 74 197 193 115 40 198 183 110 180 54 193 81 131 8 117 169 27 150 125 83 30 134 24 110 177 144 199 84 
72 31 170 44 98 101 138 169 13 143 2 16 98 28 64 136 6 20 111 77 38 115 161 112 24 179 69 151 75 112 65 18 115 37 52 131 24 143 91 94 80 137 33 46 113 17 67 67 58 30 91 76 95 170 136 119 88 
67 192 26 198 145 115 151 82 115 86 14 115 75 160 19 119 189 132 41 31 70 136 110 20 8 56 78 26 5 167 193 161 176 199 169 191 85 6 186 68 175 68 121 82 84 164 41 154 16 110 19 102 47 23 105 166 
171 71 98 129 123 155 127 20 78 123 17 146 4 181 196 52 34 26 19 167 116 32 98 82 78 84 152 118 182 57 3 85 158 121 49 88 80 57 175 117 36 32 26 43 176 99 86 147 188 82 196 7 120 61 157 
109 22 7 14 121 198 45 104 179 153 105 62 181 127 139 36 197 56 11 89 71 100 162 187 93 31 68 149 64 6 38 199 174 101 138 172 103 181 153 126 138 174 85 110 100 183 29 195 198 197 46 19 182 80 
112 144 43 85 20 175 13 9 173 189 82 147 174 104 46 83 23 173 132 12 132 133 27 184 172 46 82 13 71 123 63 106 143 135 147 58 90 68 9 193 7 144 189 28 54 151 95 149 143 122 7 177 19 
191 63 130 139 109 27 128 69 187 160 192 100 89 154 124 97 195 29 193 25 122 172 131 88 112 92 40 177 35 102 166 4 193 132 150 33 129 105 134 74 91 143 138 96 154 153 137 165 143 182 156 25 
38 98 127 178 184 55 110 57 52 140 187 156 41 45 107 166 173 109 172 164 26 149 196 133 36 173 146 113 169 136 31 159 70 101 196 21 68 17 145 167 116 11 75 192 85 103 199 65 183 22 199 
80 182 155 30 137 46 90 181 103 94 53 96 177 34 124 29 100 161 130 144 52 92 97 197 185 86 88 181 82 118 160 131 52 121 167 196 62 173 106 47 62 75 53 30 171 117 54 149 161 38 
31 33 77 127 163 147 181 146 186 104 105 73 174 188 37 63 24 140 40 154 119 141 153 71 131 185 120 163 164 109 178 57 72 147 117 146 125 78 126 3 174 76 5 91 91 95 79 59 191 
117 193 135 195 113 174 170 136 14 160 16 88 71 174 152 42 105 151 106 22 165 159 20 152 30 43 98 161 79 44 61 114 192 37 63 62 63 66 6 122 106 21 73 9 80 119 115 117 
188 68 89 165 181 56 36 61 141 119 80 184 132 101 98 49 87 177 182 35 7 130 189 82 38 122 46 146 67 94 92 103 14 35 41 139 90 136 126 188 170 100 131 43 174 138 13 
163 70 136 123 57 36 51 178 32 64 165 136 18 6 59 131 95 47 13 76 52 117 18 15 128 178 114 149 100 65 161 193 99 4 79 179 164 43 167 192 30 137 183 120 181 190 
186 89 107 195 125 104 89 160 21 89 102 23 86 166 30 65 92 40 111 60 191 133 73 102 194 166 49 177 74 143 163 23 91 122 50 102 15 120 34 172 10 31 28 4 34 
101 28 126 180 197 97 21 21 140 48 106 36 175 149 178 120 68 88 34 2 84 81 108 125 8 139 109 6 199 17 195 190 10 107 97 36 108 35 32 141 123 0 99 26 
149 109 19 153 180 131 95 45 130 17 199 106 24 71 96 169 12 148 115 82 102 123 61 89 138 120 13 153 135 35 28 144 46 158 82 187 102 158 21 179 149 43 181 
106 123 135 5 137 25 96 101 143 90 15 136 198 1 184 72 23 51 101 120 22 66 42 189 133 115 49 152 173 74 12 126 169 174 23 146 115 158 157 145 115 154 
62 188 164 55 3 145 52 63 61 176 87 86 102 69 124 9 64 109 56 53 77 60 24 135 28 133 151 70 31 89 87 46 67 193 68 40 74 20 75 7 2 
106 94 199 152 26 90 179 6 149 69 10 37 150 35 88 93 29 148 30 17 100 90 97 97 173 53 23 114 99 62 175 161 53 177 12 55 104 70 36 134 
10 21 53 149 88 62 166 106 77 22 170 88 192 199 42 179 16 185 7 92 25 1 30 129 9 67 69 90 102 127 40 173 63 147 153 59 128 68 137 
65 3 30 109 59 137 143 174 72 116 23 190 171 174 8 58 199 42 40 182 138 95 104 88 49 50 120 178 92 119 134 22 47 150 113 11 10 170 
61 2 102 141 97 159 147 133 43 86 7 111 145 5 51 198 93 171 185 116 184 33 146 150 59 195 94 124 14 63 25 88 98 106 115 9 70 
186 93 97 10 56 46 12 117 112 36 44 116 121 16 76 83 152 24 31 35 70 124 178 136 23 46 139 136 30 93 87 122 124 97 33 185 
85 185 65 23 123 44 145 48 7 106 32 187 83 47 61 81 61 21 15 113 165 18 177 94 17 107 6 99 48 110 14 141 176 181 42 
149 153 180 175 152 83 33 94 177 175 198 131 153 155 24 68 71 157 158 195 142 96 92 179 110 29 187 102 157 174 163 184 53 53 
136 165 171 8 12 112 79 94 47 10 125 139 104 22 77 125 45 99 27 4 180 98 25 118 113 101 180 177 135 56 83 133 33 
93 2 58 8 150 19 197 54 169 46 182 64 75 125 147 46 50 195 175 72 59 75 60 187 49 149 144 57 143 69 78 98 
117 100 37 91 27 81 198 83 96 51 72 56 182 19 198 12 42 143 100 115 126 59 186 79 56 28 68 183 118 120 55 
0 87 78 195 189 160 128 194 145 73 145 45 40 37 109 195 131 82 24 184 114 38 172 177 197 73 8 9 178 62 
145 57 79 160 90 82 105 153 135 110 148 92 66 197 37 164 80 153 51 132 23 178 59 89 176 184 11 183 37 
175 137 168 54 95 2 121 94 96 193 99 86 104 7 108 120 13 17 128 34 14 113 50 160 143 180 185 29 
121 66 100 23 109 0 117 27 81 100 175 7 2 183 144 69 31 51 45 133 164 114 39 51 52 163 4 
134 139 61 27 176 8 104 184 138 93 98 21 196 79 189 83 3 186 79 83 167 114 194 8 89 80 
50 97 5 73 9 178 137 177 141 192 174 13 196 47 141 20 114 92 98 34 43 98 22 103 2 
160 146 149 120 107 12 77 190 100 112 139 52 23 38 143 120 111 78 29 47 184 82 47 47 
159 42 20 123 83 110 7 122 63 146 155 147 141 59 185 56 195 31 53 196 81 57 193 
180 17 195 79 78 90 69 97 109 129 19 119 182 194 158 158 67 118 124 94 112 185 
4 163 115 67 145 127 131 85 122 122 139 35 168 27 27 9 15 46 88 37 29 
38 190 178 159 26 88 120 178 146 70 17 15 136 78 80 160 92 119 187 25 
129 81 105 166 41 107 31 22 83 179 1 191 160 6 166 185 114 23 100 
134 21 74 191 145 55 27 4 6 128 193 119 80 195 171 95 97 175 
94 192 117 69 50 166 183 91 91 26 65 51 131 131 12 85 36 
154 61 72 154 4 24 150 99 126 186 160 98 15 6 120 60 
181 20 117 77 122 3 109 24 149 83 29 16 96 77 35 
62 93 12 107 89 27 155 192 27 24 177 144 56 183 
90 194 168 18 185 4 154 54 73 10 69 58 103 
111 112 144 106 15 54 53 94 128 145 134 90 
102 149 156 166 9 68 179 176 93 173 70 
63 77 72 30 48 65 19 35 186 19 
198 119 148 180 146 132 197 129 108 
177 187 199 158 158 195 78 100 
108 191 197 108 97 168 110 
92 22 123 182 127 17 
115 42 78 20 51 
99 26 183 143 
30 0 193 
195 138 
29 

